$ANSIBLE_VAULT;1.1;AES256
64393739306333353665656538363463326434363465356430393765323163396334613264333339
6336663662323634316465383131666261343336303866630a336436383531633832633333313662
34316539653331316234623630366664626362386431353664323538393234346131613835333439
3939646663326563330a663162663664306430636539356238363033323064626433643262623261
33303435316533656139663264393735616535616539326331386465613866376434393065623861
61663037373665373938373561663565343330333333623962633564353532636164393431656237
65356231633362623162353436646362633430616266333363363531356638356236643933383730
62373961313265623433636338653139343132383730386637663431376562373134346331333166
34386132333531306439663262633562353937613662346239326631336130376237633732653931
34333337663132366564356463366433633537323330616662313661326436633264633738386439
66363330383061343762373264313433646665303836346534363161393237383331633737373966
63653735396336383133363739343464663233616666326465353266653537323437643734366662
64313332346264326534643934616430626336376364326666656361313639383630396337346533
62323531303032306635313063306664326433376631323330366632656534353339366664663565
62396364653662313464353236623531363761633434303834643135623164643031306639336265
61313865396537343139373034326532303634646332396366316133373761636165663938313834
63633533396663656136393436353561366462313031323334303438316437316566316630643538
37353333363663346330626264396461633636393037376236303163613565633132326431313363
61373064363666613861646230663265663464363138343338303539313061653638356132306637
65656630363536353265303033353764346163333935363064666438356463646133383938646239
64376566623361323331613762663231383633343565313638386635353536336362363436383433
34616265336266306462613966653231386236306133333532643236303864626164653031393832
30363437616233383834303864346535363563613030326638643934306437393162363163303136
37333862613132396633323266616162333636323066666464303737353833366633353666653830
66616635343330383933353664383461646539636133373765626261343430663331656139346230
66643830373833663832303435643835386266393966646164383531306431396532353762333261
33333634386132623432656138373932636132353264313339653662343731346136376534613536
33666165346238323565366336623462323239636330653738326662333630386166333736303536
64646262626465646332653835353834656334373330633833306430633964363931323166393861
32303736353535313835633732336230613363336463636462326465343733653734646566663861
35383262626431656239633137663966333635636430656131366433626661336665306232626130
37653030313836316230356464613663393439653232633434376363316634643964613863643064
32663863383564646432366264666137363238396633623631663866643631303035323835336165
66313764353061376234373637633233323762363938666336626233613464353730303563336532
66643237366439656164363738646532353737666335323530356436373236613930336335616236
34636166333936623335363630653266623632366531613632376663363639653031393033343531
65326135326165343730663733326365356137656230336561373232623262623463363364323837
65626630316137623637383165353164333464353435336638346166663361663062623963303934
31353636633031616136333566323262386232393635366639383032613335366239636364656233
66366333376530643935343930353837663738653534313733373963336464323533303434333530
66613731366433626337366335333737303931643133393538383937323231393065323237653635
36303831303664613332316534376166326533366237353536373830616538646463373736393663
33336630383663393931613938363237663161306431313565373235663630366437663135663965
35613031656333363131363430336436313030373936393965643531663765656266393231613738
31343636366161316535356231663461643461303135633766366334663237323461303666613139
31333037366262313131623334363739646566623039373137643463393832396339376537646563
32656266323234343366623562653335666139356661336333623230363733633330356265653839
33353262346666323436613238386430656132346330653566383166653261353534343233303765
32346161353434616236303238396362366536636235666233306238666230636131333338323035
33623466373337646338616334386662646263626565636430386139666166343962353536663361
38323762306530393439353366363438646539396630336635653334653539623933303937623366
39333131663431353866353538396365343965376437656463373664316337383632646364373363
36383937613161643233316436616533656564653834353232323634643565343666336439663165
31623234653936353065626234323362303539663638356536373831313839613231353330316331
62363064323937353731353135633664373638376564363131326662363465656265356566613733
33643862336665306266663934323632323863366438646137366136656434383664343765626662
66316532663833633434663039626236336238383238626464396666656665643534336666313038
37346135366336623739396532636433393038343635316564623066373132383761303362323062
35383135373439306638613232343236336536353834303934323536313335353165663165383931
38316265636166303266333466353233363334643036663530626564353233396638663839393937
35633263373437633533333861326462353333383664326336353064323134393562363839353065
34313430383063323534373439343666316330636662353335316634613966353463313462366263
34343763336466643833343661336132326537346636306365313262356666383538616562613062
30643332346437636632383830383230346133333362336662636465663737376131336632623139
31616330333935376166396135303239373830643766353933363836613538653133393862366166
31316335633865366532363235343535333138313561366437633533306338323963376535336538
64383234633233656539663632666532656161396337653232613964613335343839396232613337
36373632653065313862663830306238656433626365343539346666663936613163326131636436
32316239353438643436636661356137613731386536643930336466316436636439653765623433
64393335303262626262353131633961356634666439306137386462626530303538343834313564
38353039633430653031383137663937356639316635363431353861343736303661383732306538
64633637643037316334353138613837303432633835313066383263636263613739656463336364
61326362313864656463656235656232346638376538343332363863333931386262313330636365
32393135303832303332393231333962636263393138623936646263303565633363643430646261
38623761356137643134343464626531393438623735316162383366373262343064306530643463
38306265636364383631646437316563663237343935386338346136326138666438333834303661
65396666646134323164313762613532356665346537393161336430636666656632303438383963
36373932313766343461616464343765323035646631313637383762363339633863336235343566
62353133363062663931306532343362616534613335303263636139353830316639663230306238
63396263623466393734386264633430353932303431396232646638653734313962343439633830
38326238366366616334313030333131653263396665386166613236623666336637646164386239
35616538633334386261656633653965363433396535653836353962643961343739376538626634
35646634613538366631653839306365376639336166356439356437356538343633623865316237
35383038373533656636303333623863386632613265343934316265353838386365633632326631
34633766373964623435326666326562313837626531333563336234653564393138343532333835
65303064303862356331363836363531363066356236663563383137383836303265383365646630
35386231636531366237313231393635353964643030633636356133393166616133316335346133
34666531306236343233613436663736616564653238303038373932636431623664646233316266
38316364373633663539366334663032326631666662363131633232343433393837626236656534
62646430386666396231306364656662356464323232343531393330366632343665613464326262
34616662616630616635653064626165636335323139343061316339306631343232386134336263
35633834376232333063336235323630616133333064343330656264633639363334326331383266
39643162343039306430316436623461663662643666303732633939326439613539323234306537
32636433626363323462616361616636633733353333353835356464316266363365666539313330
32306139333634306235356266336334646361396164346330653030326637356131336238326135
36623133326463373034623330393565316135303264633333383535396637633564313765633735
38306531323131636638376435616230643333626364353164303064313735643031373235366331
65613365343539353137613932616633303936616230346432303962353439366337326363376662
37323737346335383237663130613261303962646131323061303861653861616261323230616566
61303133656233386132626465666363623162373464663065353030383830353138643932343831
38616665653030396136633965366661616338663164306163326637313834386130386163346163
61373430613533356637646436366533316531383965336265366236333130353538346265616563
61643563333162623436333261636665356130626238623739643538633165363236626137623232
61333663386164376132653538613661626466356636393239656137653561346235643736636263
39333361633566376439393661343266623732643632613434323838323737626437373731366336
33653639376630333036363130396331306436626633363830356435363266666134336230626362
62336533353339383233323834643738323932643831366131643030353365666331316331613030
66626337383130636631613933663135666131613430323563613339323066313665353063373532
37653232633432383663333863393337666231646532633732653230383835363239363239643931
38303231386332393037323132333437333636373931326465653164313635313531333835303032
37323231623963633832323866303232366133393862656533303966613739326130383765393366
64613032303263663439633532393935393535366637363166616138363732326236343466363231
33306137656435653135373138653265633034643732316537336135643531373035383439333763
36643161613331633731366433373735393131353661633536666261303536346438623639356335
65316432383066383664343931643363373866306532653538623162623333623031616564643563
33636335633032393038383332323230373536376231363135646464336463623534666631303964
38653231653866663938363862323962343762366564383237646330623365396139366235386339
66316530393165333864366665323830313134386266393037626635386438656232663564323432
33333833653131353238663266646462646138396334623530616534326561623837353738373737
31323334306534356666303362306666656463383563313836343739633938303930306439353364
38316338303632336433313765393137393734306664356230323138313065636264326536313131
34326166376636613639616533393534646136656566663364353964623161373665386438663866
36386561333932346461326339633261613737623961373539306331386134623432633734343366
37333833636365626263633035653466643366326234643965386133646534356336363061376366
66653232393139383565363830376665653233376363306662373166656564336637396635396266
61656530623965643466636361366232633862633665313862386132663664303439313934653062
36326532636563633935356138643236333164623437333963353032656564383964613234383437
32393063656364313662656363343362386632653736336539343364653037363530633932323864
62343765643634396164653163623737386532633130303930363334323738633332393365393637
62653937393339363561366237303438653831303664646633323566616465313862663832353631
64653338346137306434343030333461376666306636346130626436636230306530313135396162
62333865373931373039386239633662653466396531306234363139343961663665346666366132
37353461366361656331366535363061333862626534363030343635323065306435623565633264
34616134646365396637656130633739363933303235343637323731363563646131366462303462
64653136666235373263326432646332363132363966343630616364636264613966303533303262
32306263303564336635303362333531623664336534633139623732373235396164316566323462
6638
